
5.41598108886907
6.817789942824222
6.717790876154633
7.944124199219969
2.4669986443338354
2.5231581458796266
3.4251815918065525
4.739779379060615
3.9872207351443287
5.200296461420184
5.888944477531508
8.269502027831061
2.778716370885583
4.9489476693790415
4.576858236360046
4.988659656978432
2.761429306700226
4.058573230084325
4.280822237860536
4.941353282389616
3.2255629684002662
5.4178266989643795
6.238392586363258
7.881809927030997
2.395619863522117
3.5428210793211385
5.942451397044202
8.10814403290585
3.038303855148155
5.419309460170615
7.259463620659911
7.961118264285079
2.779816548222191
6.147227773881326
5.812145376981887
8.943835762728309
5.468854501304111
7.957144081725007
10.275969088515035
11.481282672411654
4.1910569956728825
5.928884619906214
8.999301155855077
10.472893547389132
3.0549915717090044
6.442881540344493
8.4784222211564
10.270960781323176
6.227088352162951
7.436799753002795
9.061166515931012
12.814547216376445
7.83430255027819
10.006355368693491
16.24270802184618
18.66901263758537
3.7501298449168807
4.73457356380156
6.522307969680175
10.04465442386236
2.7380838914238925
4.223826345668801
8.363815357838872
10.484900728555393
2.731025859915496
6.0816796147597625
9.134760613969318
9.630176832854486
2.783668758132572
5.916298114282113
6.808360408292913
14.629681242896355
3.34262785836995
7.14974698598076
8.76027200824043
12.972287212005243
6.4858702499361485
11.585913856455832
12.136420281057653
16.24918784874791
5.83700694964997
7.080157750929364
12.041227421566438
12.87397968344191
4.8479298959837385
8.877997873653147
13.898943483803421
17.770051945148623
9.661154294517848
11.445117626619563
18.42167665923168
20.818513815241285
3.5717655802694117
7.005979078156654
12.779804608651059
14.369196939706885
8.665650325134587
14.491711744291168
18.832031902263136
31.76211687338856
