
3.306604903350841
3.1063433305404358
3.5833768091945903
11.098407753273118
7.056027679701241
8.691605233423118
7.757011125414388
8.09766734066241
5.117031566955743
5.782224123051058
10.30405627744185
7.027876428143899
4.276532335289999
5.619607187494339
4.674133376614207
6.369697063618262
5.561959031048251
12.579533076066202
7.068989470241134
7.314657980210703
3.8775792965707554
6.669019874736421
8.618382034078456
6.57006110110965
4.871288063836842
5.0353579727051585
4.924685612913594
5.241401811539452
8.287494893947438
7.715719078622744
9.561859236632586
4.504552508479774
2.1096939006677022
3.940908176597013
10.309076154440765
4.907671449046999
2.9699845721490115
3.797541652707806
4.201082593059171
3.7644284392906826
9.931708544865135
10.04243976577811
9.98727019155809
9.74099775183694
8.962383252789861
10.718123768182034
7.3405614647179425
7.393191538727899
2.99357906405108
3.3119133171251427
5.7838344960763735
5.6351577581545484
2.7577488001809427
4.256255920620268
7.09274600825967
7.719320763329735
4.329173054464473
5.19254782346114
7.057964414272484
3.2956874387004826
5.325481469915709
2.8022960446377345
7.631439494768355
3.7961602251567212
3.2805724117046515
4.026558071488514
6.135949617783405
8.645987049570723
4.276758397806137
8.003955488881926
8.340491361549226
10.131730914974398
6.085002384663977
7.76991653133185
9.287654855625624
4.818438424530592
4.310840904823695
8.635942705830027
6.7604583208897635
17.548256927486385
3.0752787305199107
9.493167743575167
6.4228594786935895
4.542049220653359
4.127232493051341
6.758509396231636
4.319383504557329
8.021926161556506
7.427259522153739
11.697189043639138
9.985787360151026
7.2682455199726865
5.123456873081263
5.502118389926516
7.319016029131557
7.0022869231803035
7.510920735356844
7.099879804326927
7.463438333292452
4.78879877389432
4.013226074229636
7.257404487312855
3.988493931983504
6.442835907199398
13.021739417616258
10.658944914702424
12.391835790497813
8.859298606704819
4.113484750918618
7.297337360425156
5.262103389103168
4.4553634682330125
6.626472768026834
9.82486937202227
9.277316684719594
7.2610219171353
4.048769476163425
4.942536356196078
4.362569677946062
7.058781316449156
3.986407431192116
5.88502421638916
6.866876148625826
4.020234836259291
1.9185878813719646
4.058480348637465
4.711824789075405
2.4203964012208323
4.630470547003719
7.051442953521568
10.255944862359096
7.3086768084972915
4.766984863135157
2.8309181827643304
4.573486622191848
3.0083207885584846
2.034780912066448
6.301347329957163
4.467197498705478
5.419333423784652
4.317662276245392
2.928956912274444
7.315120549509468
3.8564432414809793
5.644809781240572
13.559198473607552
9.059614407041764
6.730155508734694
7.83460011614547
14.155566159736486
6.140092659414819
7.526705520786797
2.475643381639803
4.650881179214516
8.87573318586827
6.127870271908867
4.339054895634248
8.682023177126982
11.913679953149432
7.663410043141596
3.070051753035251
3.791837127315287
3.5327297708689933
6.67954993839605
2.2275699941258598
6.935644914001251
5.281114377787484
8.109083886848888
6.356421711006964
5.083083472056718
3.414543038295019
4.5596986150678775
6.535361222836648
4.696350235945456
5.478103226176199
6.370554501521659
5.739553908205516
13.650177204301997
10.82350041161241
8.321477723645376
4.63961097710474
5.575997313909625
5.835887926200776
5.206683581253511
9.608742165071765
15.800749831757784
9.534281365532514
4.48287896144109
7.687759224859076
15.716612476738236
7.598856122321776
9.857082853626657
4.25192023747998
3.2823055842560476
8.637821019081136
8.892760264295656
2.4896539899342987
3.3427245225488535
7.9540128121469005
6.420092743055179
2.076453340713309
10.194370178796362
13.016809271725402
9.690878725952592
8.947109163391474
9.529857087667551
14.080807657246458
9.08440522164805
4.596116786794117
8.327925321220421
6.464025427680859
5.0959349258445155
5.128845459560932
3.721163166729852
4.044587505878009
5.1328661454080065
4.853332060801685
3.8723745307324586
9.224378048048408
5.270864006073224
2.311987564601732
5.644054072127231
7.1868231964871425
8.230146816225686
3.1161849474030587
3.0584043855141188
4.983881253169881
4.947327114401017
5.811141590909042
11.144060366377987
5.512435143969865
6.5707923835157604
2.9436327606362185
6.048444275993767
4.4285070928840025
4.559042686657114
5.21997976515664
3.8243289177976463
7.106914712224008
7.932002876571795
5.292151761985606
7.01852910162711
5.317120654764883
5.64790083682983
4.121203502909614
1.6611203101135814
3.6493571303159498
5.763898658416138
3.2140776912841704
4.504000847051836
7.274612735939904
7.446835111259791
2.824506188099309
2.4785806023716064
6.005844613429316
5.83638244335474
5.3959717632969815
7.912446849306828
5.004305513623753
6.254347510770183
2.2036193240279602
4.843207346744975
4.90533899757713
6.649496519643668
10.836207860869264
8.965338841144758
11.459266291980807
9.471685924029027
4.072939301656988
7.239929828391326
7.657348296274644
8.59802237631705
4.758774471589984
6.585219888953072
8.817838432927477
5.333750140604172
8.88192209014413
6.22608807006126
6.547784131388079
6.948220179165975
3.311139150229878
5.408084792818258
5.201556586756466
5.535739527385593
7.098302031313419
5.534727551307197
5.872951177381347
7.4691328454316315
6.015664935073552
5.070270368311338
9.725811878514511
5.679035776754306
7.558326370487998
8.646885407014448
5.682604319753319
7.947440686131501
5.35183455190727
3.6198194366053458
3.9283767900835618
4.9950118766497145
3.2322398579013316
1.915277189114595
3.0996601977961338
6.619722842969501
11.986830747111629
6.004041323783123
10.332160685175138
8.150330965801489
6.354441375629041
8.429796815478738
9.37298993839906
7.486591582237712
6.902678668747497
8.496782955465612
7.212138381275227
9.784004794599113
4.9172387445864985
2.641260352476189
3.489094825936385
4.868329929930994
3.973626316697385
4.944169201507737
9.776197627159195
7.12343912329944
3.273317538480002
8.5063396637047
4.526291340505608
6.497983842865389
6.014609927472835
5.627182910797714
10.547975711693883
5.629605986181872
3.3525233402307903
5.239044596121444
7.091574911939153
4.6680754516504654
6.676851780494955
8.113944645577673
6.008021935786518
4.515933537618612
4.74538730904794
4.6484563757286015
5.123389325141313
4.852054229020286
5.119185626628116
7.036165596900249
5.059897509816833
9.299224735446364
8.309195499417902
8.353448442311311
8.964569812143704
9.74589575647529
6.570830500811044
10.321051041418059
5.1121657303001165
4.432598250733851
5.855652985590195
5.268984849697334
9.976902999660162
4.612596058098082
5.949621444795322
7.8233172400059345
5.18385792052093
9.233665140618694
2.724285301153029
3.4058186601686233
5.884657873225497
5.175828443250709
6.05281373198374
9.237334915597067
4.89624997752121
3.956153670212071
5.439685885279808
7.627818031897709
20.021970058855555
6.060158810881175
7.590776203436704
17.26002302176098
8.021723224484411
7.910161417824485
5.572275428655605
13.105664974204634
8.747258168137277
5.533366994451747
5.016174392739422
4.173806403601389
3.4381783003414492
6.154857080172273
6.942059055883033
6.299574704908959
11.443645108895028
5.09949754682065
1.6778066600767225
10.841456702126555
2.5980632964736308
6.420234660845635
4.354290199395906
5.40870960694887
4.875651518448816
4.853811153949702
8.392103400278236
4.264152862768273
10.965713086290032
12.535898644107027
7.7526713337820485
10.208206697499023
11.3613284112737
6.6754018135090885
4.606704363203862
5.866352995128085
8.888666192205363
8.594343876545267
2.899608918131257
4.056711206792837
3.8062145512096492
6.8555185154788845
4.54395922211597
8.276826822018736
7.271465618443444
4.480313646928689
4.468378695665605
8.298954077593104
5.59216106847037
4.297126734826761
9.16521408567243
6.6898450692138365
11.546745881714942
7.442531670232462
5.533131253568694
9.511750023131299
6.486778656884758
4.9318504504870395
4.21370304910928
6.658641596041959
4.749794025718801
7.772409824089124
1.8510234980950004
3.934865910605638
6.166055794151356
3.6739695631681895
6.355723388370963
7.578062978129563
7.819122791205516
5.690085989991816
3.133560358212298
7.350042014102157
5.026403744040684
5.205509229926007
5.048579766298935
6.517132821973371
7.645829586421898
7.455716439557909
4.00276964166588
6.454282959468746
6.610124344370622
8.405116691215316
9.306630304889064
7.906803548534196
8.63409648607632
7.63401147034784
5.8409058940619065
6.797848418740495
10.911892730727914
8.224049476597349
8.143356280059267
11.890823204627706
9.808392031565056
7.230412870723573
8.015366685885144
5.482670692687644
13.736364306300999
5.426662405575238
4.091578371982796
3.5522302212541303
2.840032695774748
4.876948228762395
9.871088378944522
9.092870806918608
8.751434374885593
5.74701985338286
4.210006410867152
4.649537871212004
8.142629401508005
5.525033586209806
6.7666361959289
7.097489743086289
11.482684713559882
9.005390085964928
7.3970841479647955
15.796939459109542
8.421311405540152
9.612886722129844
2.0170384494292146
2.369836523130105
5.766658995304721
4.178623325433769
3.4945052708534097
4.691201600555733
2.9581166491201882
4.331287478608041
7.9304237868355205
4.788289210749511
4.619385819144919
9.938420031917039
2.992544194433855
3.9323372410839994
3.0319681458916015
4.883723214186654
5.806423950620267
6.559599233376332
8.01526251833003
6.2508817292933285
13.282879463255576
10.398465731510997
15.38679963394413
10.391274048700737
2.5304781794373596
5.38319592799089
5.429114155118786
6.12817914346425
4.527624548271157
7.286028364583227
6.569633865230402
5.381601849081023
2.8768628503667704
3.8226405946547746
4.753340644925654
6.18820436328927
5.678859335159466
4.284418008251887
5.660144545621107
8.52580798540425
3.1224876339223475
8.61184134530614
6.799416402424285
7.7445207647989776
9.537863935228444
12.919121045274816
9.423034686619616
5.609583765795876
3.9190003708124452
4.996786839972356
6.480508954533117
8.510080341073882
3.3661631665285006
2.5302183358506114
6.121549790910005
4.52677890038729
6.833427234499298
6.688828790908447
11.264737408111777
11.64942533344419
3.054484864053252
6.59584243280275
6.395840729833314
6.9692943676623695
7.725451443390972
9.389752791174017
7.5683162637943155
9.440470944154221
6.722135787756034
11.920377660870992
7.139551827495708
6.143725822161654
4.285259366242627
3.7379254200982643
4.309093986635853
9.396047653373653
3.510800613899927
8.585918455251988
7.98411572218114
11.110791072764632
3.9131126551832005
5.153815542040318
4.102767904248865
5.686745241791765
5.5095527250655625
14.119598537689969
8.355711786219787
4.569328581457492
5.4210977462208065
5.572837164843417
4.700792716708864
4.984552144054146
6.452077385924361
4.900891112271448
4.503634556303298
6.142959708309242
4.1354982646064355
3.5768068521632657
6.149284088381297
5.119460732252147
5.172391957828147
2.5662303995959697
5.637344587892482
4.759367519490909
7.749349914388103
6.409739597052561
5.449940564568979
5.641761504588966
5.062808162879118
11.06135909106532
13.963795314663049
6.290255442207211
4.031403406576128
5.775617972956475
6.098417576096324
2.95876063127332
6.070071196866012
3.8549337363535385
7.853736922053368
7.406697101857112
7.085536242360823
7.208958794870543
7.522630817859015
4.972659318953134
5.657747691673368
5.379294909622589
7.180816545159649
9.420574326991781
3.0086572600514834
4.382766829815789
5.8727053765679
7.40512008985772
5.266870554091703
8.784590904369237
5.070735659840212
5.283464613874407
6.319601325549185
7.122349846595843
6.940809298925207
11.439061566446167
7.0277880517106475
9.295069649934984
12.902529591399967
10.025666760514037
7.0047398713280655
6.354834022714109
11.9019849070219
5.809576000623713
3.52800926474319
7.346046406253772
4.0497757098055525
5.002472949813071
6.2694409491754755
8.396494615205583
6.540205474083259
10.415061098832757
13.765428899595284
12.782855232474356
11.982127366828806
6.935927436023377
5.314064988319065
5.737027187482926
13.862018458112328
7.239612626008962
7.3389980075532515
8.440595931646895
8.203789494853394
3.0504486392239425
3.2727005678375654
7.334596408736287
5.222384707251853
4.558373520479005
11.854333874786331
12.309709174992786
19.92302485583505
6.319892873593536
2.65893611818143
7.349431396692968
6.761749492495801
8.107983496666238
3.173595287057796
5.400987914749499
8.813980572124523
4.98704086204988
7.1702297930072
11.094417618143776
10.088652031993657
7.826662734756008
9.83511237876753
10.789666725404528
9.24533304944522
7.876050415353061
5.363087370015042
4.704989060410891
9.723618706414674
7.419073134175943
3.0875880504707824
6.006179413894132
4.146161042590496
6.4869308350649515
6.204824023668696
6.334185843588967
4.374592080392555
7.298669603118059
5.188049860684972
4.255931230085382
5.207321356675725
4.781324795112365
4.749633183046466
7.705685745458209
5.8763882410245545
6.595032780146232
4.265540705233946
7.682380460183382
5.0922874449447795
8.857496054442404
3.593821768907529
4.087109290103376
6.948024141459465
4.178389355892408
3.781382967377753
6.436931374571086
5.721792574292896
5.007245019934806
8.390344542686027
10.680455260151787
11.145889886429266
6.908269990384841
4.929596244212869
7.855093324318039
5.577136090491105
5.080542861824985
5.746403695635548
10.672792112982503
7.252690108515353
6.082077304089566
8.10397684335442
10.39350126810349
10.11744866360958
7.72202601211315
4.442138882225322
5.916553576854182
6.696886800959078
4.158236070308825
6.219621778215887
4.757730865964978
5.2982814071876785
5.162419536619746
5.496371561036978
5.706656865794474
7.675992980822623
5.297052364761409
4.179954172097829
4.884572833167557
5.21381391715578
4.552659519978593
4.448837973494582
3.850779438238572
5.083420596646136
7.061513474313122
5.030610225819032
7.335945690257541
10.30665971789806
5.714873920169892
3.2715819098007444
5.222040877991312
7.7835255952411
6.169506251372482
2.7390877367977304
5.885048500425224
8.811446273921634
8.800061181659483
9.019118027625243
7.134779636041387
10.32188335988068
9.75257247857322
6.874682370540355
7.6058376365029
7.547824562074358
7.497717716160727
8.97261572031618
9.581761982502288
10.38522572181112
8.819901739865639
2.9926483485880935
7.416261403288304
6.5515351048323245
4.840860281777188
5.956433724659077
9.747970420417273
7.636324345733385
7.500508896318974
4.275498090306373
4.903595001113112
5.802501134356553
4.785975114178115
4.692202692955959
4.727144784463386
7.9376759379049036
7.645813816212367
6.432104938993701
6.301990084196982
6.795760432165552
6.685938736122358
4.613063243203428
5.833473112026893
8.712444651414076
7.4762552271004585
2.3062586196676986
1.6684394666654074
3.2716779098031603
3.7365207037085977
2.3062586196676986
1.6684394666654074
3.2716779098031603
3.7365207037085977
